17651117
16324695
12901032
19372559
10727715
9890894
23298863
23142699
2568748
8142113
10727528
23545458
23150495
16213084
23587425
11792932
11972613
12123767
12719755
15723099
23572389
23314054
1666997
23402628
10640321
23504356
23506741
23127600
16371234
23339678
23354393
20615127
10796631
17594192
23526644
23290724
17632107
20012638
23500061
20091113
22835278
19244097
15494035
11344206
23500776
12414329
23481236
23477419
1730582
7599160
9204085
9832994
17350061
23644213
16248990
23294255
23423972
23493568
23270805
12487427
23282066
23406956
23267767
10637238
12167474
16893531
16854582
17643344
9990013
23439561
22968082
23349489
23358307
17040106
23274058
22709946
12827214
23583257
21606412
1375507
23479193
11585753
3994963
17311416
18439678
7837275
8384716
12373557
12852767
17494858
23409864
23618921
23305850
23418368
11255924
15184278
11961111
17507169
23454835
17479245
16424790
22989703
23256446
23432124
23564313
16938288
23494236
23116965
12438517
23410126
17459764
23402270
16357751
23454148
16480505
23250811
17015640
17090056
16268464
2982865
23261645
23360475
23400747
22469981
10694244
15547682
23063069
23253172
23228697
1435788
16782282
15932636
23606373
12957216
23238657
17098734
17205056
15198222
23461841
16784786
11351021
7711211
23194548
10999950
3345199
23220618
19149483
23601203
19429089
23360232
23182946
23419036
23118019
23543413
20104269
12070353
23703578
15866288
11392054
23066089
11861820
23212306
23099431
9551716
10095983
12636181
23044488
23154865
12724156
23532634
17159811
15352500
23159529
23643748
23142507
15030294
10702256
22718571
23538201
23318471
20801130
23403014
17935273
10546982
15985706
23293129
23161844
23428346
23194511
19472276
22566187
23601710
17504182
22391562
10800083
16494569
12761285
23123250
23535337
7714410
12679340
15955565
23535327
17138644
17138606
23603381
15811959
14725487
23335025
15908512
23357629
23529825
23391336
23641914
23580394
15937104
11730729
23517558
22824191
14523001
23249751
23353741
9015795
10752671
23640884
23609963
23623491
15898717
16432501
23238784
23312278
2899826
15191400
23511016
19370562
11309392
8894610
1322047
23414340
23353658
10583449
11691635
23608535
17382376
23625813
23537582
17418819
22865292
15805193
11752472
23423570
17111172
10424850
9299436
23344956
23643933
15180525
23368996
17000933
20185318
20053189
23047022
22872607
23428368
23030680
19293728
23102509
23261676
23164921
15840827
15837926
23220749
9476974
19399743
23139413
23639362
23097088
11858481
23531488
17334708
10593931
23552263
12897749
11562773
16633143
22996137
23311608
23331067
23391632
17085856
23396144
23246481
23261590
23584358
6227474
23479738
10988273
17498496
17510308
10064839
23265892
19039322
23435910
9466983
17379925
14692707
15772097
14583450
23273219
22902329
23327993
23368735
14600253
23542114
15635044
23330546
15737409
11692072
22898212
23443810
23534442
14613270
17596133
19389876
15285788
23230131
16516814
23373704
23628454
23391485
23265873
23194825
23425605
8098142
23561109
23494802
1705137
23091188
17199504
9008235
17224860
23164618
16741658
12244038
11034583
18308814
23640331
23188819
23321689
23506002
22820907
23318685
7825862
10742288
23419783
17496727
23638842
23428155
23231502
16417577
23466460
23201337
23327794
23625804
9399012
15795105
23608239
23041257
23455597
12560076
11292635
23539511
17320868
20421509
15732037
16902423
12375053
23288049
9712175
7959748
23194076
12047490
23435942
17018843
23411171
17488480
12956944
23266505
15255990
23333261
23562076
23019274
23583806
16846546
23609782
10942908
1686208
23123257
1911436
23434640
12955294
17148442
23619613
23473681
23296102
23017388
17229632
20347047
22923473
22931530
14751502
23287538
18068977
23179966
20724158
22445601
15777622
23497227
11742712
21475861
17352685
23221600
8242725
11264758
17013809
17221210
16434489
7773533
15561973
23535516
23523949
11551210
19023039
17016621
17154506
15353299
1612232
1590750
20531964
9876137
1738111
17216302
22874922
10510456
9003761
17150756
10606746
12383039
23614730
12373423
23601753
12392782
23578607
1279186
23384997
2569356
12086935
11775064
23512754
23385325
12046981
23238236
23597506
20226815
20135071
2530096
19708854
14656380
8294418
23322769
23412396
7560228
23376217
12837768
23357567
17161452
10712236
14501155
12727196
23221006
23324400
23336337
16344985
16343532
23444334
23432662
15944809
15665864
10771044
23623750
23024204
8925876
23550066
9211565
23363083
17593236
15291969
17692748
23451797
1978244
18973551
15946589
1356794
11695255
20596674
23410005
23333577
23389043
23541670
23370008
23414838
23296837
10701840
7768269
10225363
23538162
15075397
18035186
17768678
2888789
16774921
23344974
23348754
23473032
23060524
23562365
23220644
22370641
12881227
17391279
23418674
14984733
23299080
17146052
15563928
17561836
9891987
17218486
23322166
23152186
16206183
23398572
23600914
23127916
22705396
15704203
23313633
23539296
18620538
9607108
22981796
23373677
23344961
23594301
23307185
23382379
23600432
16618126
3735252
23352910
22749842
23530595
11034389
23358194
3299141
8150771
23620256
23090712
23314320
7885191
17303537
23567861
18058577
17380207
23570998
23459167
22876943
10446934
10522750
23535288
7926307
23143891
16674097
16365052
17256745
23298677
23318833
23530834
22301814
16965760
23644191
23294326
23580316
23298698
23339076
23614643
11166732
23128353
11089538
12165285
14757703
17575572
23598904
17549299
23618901
23259985
16220064
23379481
15526004
11009561
23125284
22931533
16741870
23313557
23519153
12105857
23530006
1526623
16789740
15049511
17597612
11474486
18974361
15452358
15474503
23561088
12217700
17658513
23434647
23600800
10662748
23468099
23628605
23347547
23511897
9231703
7516184
2855368
11161433
16972995
7703721
14638499
23100158
16957773
23577589
12181285
15177307
23376356
1543672
23382074
23602864
10406837
17081103
9851542
9310349
23182954
17369066
23471969
23266719
23537702
11970990
15498586
23524316
16835395
23542578
23395914
16642960
19962254
23462526
23240892
8730743
23262271
16336752
18633030
10575283
23172777
16988497
23440512
23409765
18081314
22578098
22893351
11732752
20448797
3588607
9596079
2859531
23098818
12093311
16917142
23355087
9020367
23123662
23643745
23159888
10493852
23059655
16247743
23362135
23454145
12063741
15991937
23578390
23541399
23511088
23525167
23275442
17344208
12614192
12112047
16399380
23347684
16971132
15795320
1680855
23400796
17475961
10931813
22288603
23574017
15939622
17094978
17477831
23146664
21712771
15121646
23429911
23111283
23411263
3134891
12699699
22926699
23207322
20230007
22982218
21207059
23274086
7986344
23042954
11588409
23609606
12196163
23485065
23115221
8819507
23380082
8636122
16920841
7554708
8606397
